{
 "cells": [
  {
   "cell_type": "markdown",
   "metadata": {},
   "source": [
    "# Hollywood Face Distances"
   ]
  },
  {
   "cell_type": "code",
   "execution_count": 1,
   "metadata": {},
   "outputs": [],
   "source": [
    "import os\n",
    "import pandas as pd"
   ]
  },
  {
   "cell_type": "code",
   "execution_count": 8,
   "metadata": {},
   "outputs": [
    {
     "data": {
      "text/html": [
       "<div>\n",
       "<style scoped>\n",
       "    .dataframe tbody tr th:only-of-type {\n",
       "        vertical-align: middle;\n",
       "    }\n",
       "\n",
       "    .dataframe tbody tr th {\n",
       "        vertical-align: top;\n",
       "    }\n",
       "\n",
       "    .dataframe thead th {\n",
       "        text-align: right;\n",
       "    }\n",
       "</style>\n",
       "<table border=\"1\" class=\"dataframe\">\n",
       "  <thead>\n",
       "    <tr style=\"text-align: right;\">\n",
       "      <th></th>\n",
       "      <th>Anna Hathaway</th>\n",
       "      <th>Chris Rock</th>\n",
       "      <th>Cillian Murphy</th>\n",
       "      <th>Mads Mikkelsen</th>\n",
       "      <th>Steven Yuen</th>\n",
       "      <th>Susan Cheng</th>\n",
       "      <th>Will Smith</th>\n",
       "      <th>Zoe Kravitz</th>\n",
       "      <th>Predicted Race</th>\n",
       "      <th>Predicted Gender</th>\n",
       "      <th>Predicted Age</th>\n",
       "    </tr>\n",
       "    <tr>\n",
       "      <th></th>\n",
       "      <th></th>\n",
       "      <th></th>\n",
       "      <th></th>\n",
       "      <th></th>\n",
       "      <th></th>\n",
       "      <th></th>\n",
       "      <th></th>\n",
       "      <th></th>\n",
       "      <th></th>\n",
       "      <th></th>\n",
       "      <th></th>\n",
       "    </tr>\n",
       "  </thead>\n",
       "  <tbody>\n",
       "    <tr>\n",
       "      <th>Anna Hathaway</th>\n",
       "      <td>0.000000</td>\n",
       "      <td>97.265240</td>\n",
       "      <td>79.264347</td>\n",
       "      <td>37.424550</td>\n",
       "      <td>63.294031</td>\n",
       "      <td>96.081288</td>\n",
       "      <td>89.748212</td>\n",
       "      <td>75.879705</td>\n",
       "      <td>0</td>\n",
       "      <td>0</td>\n",
       "      <td>33.8</td>\n",
       "    </tr>\n",
       "    <tr>\n",
       "      <th>Chris Rock</th>\n",
       "      <td>97.265240</td>\n",
       "      <td>0.000000</td>\n",
       "      <td>79.847239</td>\n",
       "      <td>91.395558</td>\n",
       "      <td>82.112921</td>\n",
       "      <td>80.032280</td>\n",
       "      <td>97.362846</td>\n",
       "      <td>71.554292</td>\n",
       "      <td>0</td>\n",
       "      <td>0</td>\n",
       "      <td>48.4</td>\n",
       "    </tr>\n",
       "    <tr>\n",
       "      <th>Cillian Murphy</th>\n",
       "      <td>79.264347</td>\n",
       "      <td>79.847239</td>\n",
       "      <td>0.000000</td>\n",
       "      <td>87.693367</td>\n",
       "      <td>60.040605</td>\n",
       "      <td>65.640831</td>\n",
       "      <td>98.989983</td>\n",
       "      <td>47.014353</td>\n",
       "      <td>3</td>\n",
       "      <td>1</td>\n",
       "      <td>24.8</td>\n",
       "    </tr>\n",
       "    <tr>\n",
       "      <th>Mads Mikkelsen</th>\n",
       "      <td>37.424550</td>\n",
       "      <td>91.395558</td>\n",
       "      <td>87.693367</td>\n",
       "      <td>0.000000</td>\n",
       "      <td>72.954151</td>\n",
       "      <td>98.172367</td>\n",
       "      <td>79.520435</td>\n",
       "      <td>74.310203</td>\n",
       "      <td>0</td>\n",
       "      <td>0</td>\n",
       "      <td>32.8</td>\n",
       "    </tr>\n",
       "    <tr>\n",
       "      <th>Steven Yuen</th>\n",
       "      <td>63.294031</td>\n",
       "      <td>82.112921</td>\n",
       "      <td>60.040605</td>\n",
       "      <td>72.954151</td>\n",
       "      <td>0.000000</td>\n",
       "      <td>88.905163</td>\n",
       "      <td>80.185879</td>\n",
       "      <td>49.333962</td>\n",
       "      <td>3</td>\n",
       "      <td>0</td>\n",
       "      <td>29.6</td>\n",
       "    </tr>\n",
       "    <tr>\n",
       "      <th>Susan Cheng</th>\n",
       "      <td>96.081288</td>\n",
       "      <td>80.032280</td>\n",
       "      <td>65.640831</td>\n",
       "      <td>98.172367</td>\n",
       "      <td>88.905163</td>\n",
       "      <td>0.000000</td>\n",
       "      <td>93.451375</td>\n",
       "      <td>66.742096</td>\n",
       "      <td>0</td>\n",
       "      <td>1</td>\n",
       "      <td>31.8</td>\n",
       "    </tr>\n",
       "    <tr>\n",
       "      <th>Will Smith</th>\n",
       "      <td>89.748212</td>\n",
       "      <td>97.362846</td>\n",
       "      <td>98.989983</td>\n",
       "      <td>79.520435</td>\n",
       "      <td>80.185879</td>\n",
       "      <td>93.451375</td>\n",
       "      <td>0.000000</td>\n",
       "      <td>76.092366</td>\n",
       "      <td>1</td>\n",
       "      <td>0</td>\n",
       "      <td>30.0</td>\n",
       "    </tr>\n",
       "    <tr>\n",
       "      <th>Zoe Kravitz</th>\n",
       "      <td>75.879705</td>\n",
       "      <td>71.554292</td>\n",
       "      <td>47.014353</td>\n",
       "      <td>74.310203</td>\n",
       "      <td>49.333962</td>\n",
       "      <td>66.742096</td>\n",
       "      <td>76.092366</td>\n",
       "      <td>0.000000</td>\n",
       "      <td>0</td>\n",
       "      <td>1</td>\n",
       "      <td>31.6</td>\n",
       "    </tr>\n",
       "  </tbody>\n",
       "</table>\n",
       "</div>"
      ],
      "text/plain": [
       "                Anna Hathaway  Chris Rock  Cillian Murphy  Mads Mikkelsen  \\\n",
       "                                                                            \n",
       "Anna Hathaway        0.000000   97.265240       79.264347       37.424550   \n",
       "Chris Rock          97.265240    0.000000       79.847239       91.395558   \n",
       "Cillian Murphy      79.264347   79.847239        0.000000       87.693367   \n",
       "Mads Mikkelsen      37.424550   91.395558       87.693367        0.000000   \n",
       "Steven Yuen         63.294031   82.112921       60.040605       72.954151   \n",
       "Susan Cheng         96.081288   80.032280       65.640831       98.172367   \n",
       "Will Smith          89.748212   97.362846       98.989983       79.520435   \n",
       "Zoe Kravitz         75.879705   71.554292       47.014353       74.310203   \n",
       "\n",
       "                Steven Yuen  Susan Cheng  Will Smith  Zoe Kravitz  \\\n",
       "                                                                    \n",
       "Anna Hathaway     63.294031    96.081288   89.748212    75.879705   \n",
       "Chris Rock        82.112921    80.032280   97.362846    71.554292   \n",
       "Cillian Murphy    60.040605    65.640831   98.989983    47.014353   \n",
       "Mads Mikkelsen    72.954151    98.172367   79.520435    74.310203   \n",
       "Steven Yuen        0.000000    88.905163   80.185879    49.333962   \n",
       "Susan Cheng       88.905163     0.000000   93.451375    66.742096   \n",
       "Will Smith        80.185879    93.451375    0.000000    76.092366   \n",
       "Zoe Kravitz       49.333962    66.742096   76.092366     0.000000   \n",
       "\n",
       "                Predicted Race  Predicted Gender  Predicted Age  \n",
       "                                                                 \n",
       "Anna Hathaway                0                 0           33.8  \n",
       "Chris Rock                   0                 0           48.4  \n",
       "Cillian Murphy               3                 1           24.8  \n",
       "Mads Mikkelsen               0                 0           32.8  \n",
       "Steven Yuen                  3                 0           29.6  \n",
       "Susan Cheng                  0                 1           31.8  \n",
       "Will Smith                   1                 0           30.0  \n",
       "Zoe Kravitz                  0                 1           31.6  "
      ]
     },
     "execution_count": 8,
     "metadata": {},
     "output_type": "execute_result"
    }
   ],
   "source": [
    "face_folder = 'hollywood_faces_distances.csv'\n",
    "face_distances = os.path.join('..', 'reports', face_folder)\n",
    "df = pd.read_csv(face_distances)\n",
    "cols = df.columns.tolist()\n",
    "cols[0] = ''\n",
    "df.columns = cols\n",
    "df.set_index(df.columns[0])"
   ]
  },
  {
   "cell_type": "code",
   "execution_count": null,
   "metadata": {},
   "outputs": [],
   "source": []
  }
 ],
 "metadata": {
  "interpreter": {
   "hash": "a2ebcd940df2c2c16cb36ea6835fc7750195e2e677169ef3e3115eaa091678a2"
  },
  "kernelspec": {
   "display_name": "Python 3.10.4 ('02582_case2')",
   "language": "python",
   "name": "python3"
  },
  "language_info": {
   "codemirror_mode": {
    "name": "ipython",
    "version": 3
   },
   "file_extension": ".py",
   "mimetype": "text/x-python",
   "name": "python",
   "nbconvert_exporter": "python",
   "pygments_lexer": "ipython3",
   "version": "3.10.4"
  },
  "orig_nbformat": 4
 },
 "nbformat": 4,
 "nbformat_minor": 2
}
